247 89
980 958
529 895
519 986
710 934
813 338
909 368
259 743
227 252
118 202
135 37
75 773
93 321
489 237
803 622
616 264
499 593
237 54
856 447
540 283
681 521
658 134
458 625
390 728
328 216
788 804
873 961
246 793
200 670
914 790
296 84
176 130
373 460
663 477
675 2
706 937
159 226
432 401
481 229
785 889
353 752
194 854
796 423
230 206
339 962
346 831
489 415
313 553
276 256
84 330
540 534
979 837
766 495
587 194
516 226
552 743
680 379
713 945
344 235
688 707
508 935
498 637
32 268
357 992
926 286
355 744
410 461
133 384
538 201
336 633
462 965
801 899
163 717
309 666
244 557
590 151
734 459
599 980
832 947
986 539
355 307
854 733
696 97
880 393
184 872
180 329
457 779
825 607
888 364
356 842
973 195
383 305
186 635
249 256
851 885
87 662
144 693
489 471
101 882
399 691
148 850
781 765
557 94
978 411
133 168
285 937
138 969
580 479
880 273
693 345
113 820
362 763
321 344
850 506
594 30
806 297
697 524
830 463
52 131
939 710
429 147
87 386
472 843
749 472
921 645
291 7
484 416
433 280
442 92
156 867
645 208
883 613
878 282
329 320
335 177
119 515
620 743
85 259
869 677
6 929
613 450
729 549
6 598
104 228
28 630
827 504
613 193
707 956
391 848
716 823
619 201
484 775
611 484
475 311
783 439
474 38
188 9
363 38
19 577
922 251
555 531
997 855
301 699
544 929
639 724
391 707
787 474
161 733
730 677
674 45
823 4
21 959
630 855
92 744
636 727
722 483
782 526
568 269
568 865
781 583
815 903
468 302
940 777
185 55
470 850
361 647
629 265
259 739
209 270
340 946
675 946
316 184
58 34
60 439
300 852
278 762
961 437
340 101
710 417
91 947
46 664
291 306
332 272
800 174
758 259
197 968
409 744
228 485
898 295
808 397
871 11
189 119
564 374
866 802
800 861
657 743
785 52
407 66
455 769
998 994
306 933
603 638
262 761
631 682
608 695
559 247
684 443
390 946
207 219
452 554
744 656
851 699
304 149
337 566
223 512
98 573
819 187
348 685
930 521
740 633
679 522
144 935
216 40
912 141
336 700
865 243
349 355
749 166
953 484
367 46
547 568
547 116
370 569
551 71
278 290
843 684
607 965
876 854
62 79
668 758
551 543
598 746
565 27
650 760
337 243
483 254
924 697
70 420
170 21
807 301
846 431
122 673
672 150
567 146
922 901
271 971
695 885
252 860
233 472
347 46
968 713
97 572
942 777
462 688
940 121
49 417
353 70
117 684
840 264
649 6
788 243
390 369
349 121
877 679
81 108
126 985
361 691
604 91
247 535
949 539
578 991
746 832
654 124
637 556
627 260
146 672
661 627
634 624
836 150
243 782
420 881
609 18
17 331
276 743
89 923
188 537
326 794
106 934
690 660
472 89
902 82
148 406
889 797
93 599
344 755
585 747
398 764
581 877
538 578
20 539
5 120
98 868
555 65
451 352
141 885
122 934
690 533
472 128
143 30
121 540
704 732
88 529
676 840
550 833
921 637
711 995
107 767
351 157
188 958
781 512
148 962
640 811
7 244
842 953
39 60
399 85
914 243
360 913
396 166
409 263
954 312
317 979
132 710
989 387
209 606
37 222
604 71
195 769
297 179
111 570
923 44